iteration: 1000
energy RMSE: 23.2325692178
force RMSE: [ 0.42057452  0.25927388  0.6174271 ][ 0.24699938  0.18221794  0.26910807][ 0.49552475  1.06941561  0.39524577][ 0.71626892  0.55305196  1.26262957][ 0.5642571   0.39973606  0.39526669][ 0.37111456  0.29509638  0.57615426][ 0.73410488  0.54061933  1.01119712][ 1.09896823  1.19499376  0.80913734]
spent time: 42.4613349438
iteration: 2000
energy RMSE: 23.1644602164
force RMSE: [ 0.42056605  0.25926853  0.61741851][ 0.24699205  0.18221145  0.26909815][ 0.49552182  1.06940247  0.39524318][ 0.71625997  0.55304401  1.26261594][ 0.56424409  0.39972649  0.39525707][ 0.37110657  0.29508838  0.57614278][ 0.73410059  0.54061431  1.01118464][ 1.09895537  1.19497929  0.80913058]
spent time: 84.9420289993
iteration: 3000
energy RMSE: 23.438378348
force RMSE: [ 0.42055851  0.25926377  0.61741083][ 0.24698552  0.18220568  0.26908932][ 0.49551921  1.06939071  0.39524086][ 0.71625196  0.55303692  1.26260369][ 0.56423252  0.39971797  0.39524851][ 0.37109945  0.29508126  0.57613256][ 0.73409676  0.54060983  1.01117349][ 1.09894389  1.19496637  0.80912454]
spent time: 127.456583977
iteration: 4000
energy RMSE: 23.0749059717
force RMSE: [ 0.4205519   0.2592596   0.61740409][ 0.24697979  0.18220062  0.26908158][ 0.49551691  1.06938032  0.39523883][ 0.7162449   0.55303068  1.26259285][ 0.56422238  0.3997105   0.395241  ][ 0.37109321  0.29507502  0.57612359][ 0.73409339  0.5406059   1.01116368][ 1.09893379  1.19495499  0.80911923]
spent time: 169.970288992
iteration: 5000
energy RMSE: 23.1402207634
force RMSE: [ 0.42054576  0.25925572  0.61739781][ 0.24697447  0.18219593  0.2690744 ][ 0.49551477  1.06937061  0.39523692][ 0.7162383   0.55302487  1.26258267][ 0.56421297  0.39970357  0.39523403][ 0.37108742  0.29506923  0.57611527][ 0.73409024  0.54060224  1.01115453][ 1.09892438  1.19494438  0.80911428]
spent time: 212.450088978
iteration: 6000
energy RMSE: 23.1237658268
force RMSE: [ 0.42053964  0.25925187  0.61739154][ 0.24696917  0.18219127  0.26906725][ 0.49551262  1.06936088  0.39523502][ 0.7162317   0.55301908  1.26257242][ 0.56420362  0.39969667  0.3952271 ][ 0.37108165  0.29506348  0.57610699][ 0.73408709  0.5405986   1.01114539][ 1.09891498  1.19493378  0.80910934]
spent time: 254.934780121
iteration: 7000
energy RMSE: 23.1739478151
force RMSE: [ 0.42053358  0.25924806  0.61738531][ 0.24696392  0.18218667  0.26906017][ 0.49551049  1.06935116  0.39523312][ 0.71622511  0.55301332  1.26256216][ 0.56419437  0.39968985  0.39522024][ 0.37107595  0.29505779  0.57609878][ 0.73408396  0.54059497  1.01113629][ 1.09890563  1.19492322  0.80910442]
spent time: 297.387597084
iteration: 8000
energy RMSE: 23.2150020741
force RMSE: [ 0.42052719  0.25924404  0.61737872][ 0.24695837  0.18218181  0.26905272][ 0.49550823  1.06934085  0.39523111][ 0.71621813  0.55300724  1.26255123][ 0.56418462  0.39968266  0.395213  ][ 0.37106994  0.29505179  0.57609013][ 0.73408064  0.54059115  1.01112666][ 1.09889575  1.19491205  0.80909921]
spent time: 339.837944984
iteration: 9000
energy RMSE: 23.1273251342
force RMSE: [ 0.42052028  0.2592397   0.61737158][ 0.24695238  0.18217658  0.26904466][ 0.49550577  1.06932963  0.39522893][ 0.71621054  0.55300064  1.26253929][ 0.56417409  0.39967489  0.39520518][ 0.37106344  0.29504531  0.57608077][ 0.73407703  0.540587    1.01111621][ 1.09888503  1.19489992  0.80909357]
spent time: 382.283331156
iteration: 10000
energy RMSE: 23.0713690544
force RMSE: [ 0.4205124   0.25923475  0.61736342][ 0.24694554  0.18217062  0.26903548][ 0.49550296  1.06931675  0.39522643][ 0.71620184  0.55299311  1.26252555][ 0.5641621   0.39966604  0.39519627][ 0.37105604  0.29503792  0.57607011][ 0.73407291  0.54058227  1.01110424][ 1.09887277  1.19488604  0.80908711]
spent time: 424.744116068
iteration: 11000
energy RMSE: 23.2484635873
force RMSE: [ 0.42050319  0.25922898  0.61735386][ 0.24693755  0.18216366  0.26902476][ 0.49549967  1.06930163  0.39522349][ 0.71619163  0.55298428  1.26250936][ 0.5641481   0.39965571  0.39518585][ 0.37104739  0.29502931  0.57605765][ 0.73406806  0.54057672  1.01109022][ 1.0988584   1.19486976  0.80907954]
spent time: 467.222502947
iteration: 12000
energy RMSE: 23.0729608665
force RMSE: [ 0.42049228  0.25922214  0.61734253][ 0.24692807  0.18215544  0.26901206][ 0.49549576  1.06928363  0.39522001][ 0.71617948  0.55297382  1.26249005][ 0.56413153  0.39964347  0.39517353][ 0.37103716  0.29501911  0.5760429 ][ 0.73406231  0.54057015  1.01107357][ 1.09884135  1.19485043  0.80907055]
spent time: 509.730618
iteration: 13000
energy RMSE: 23.8934912957
force RMSE: [ 0.42047842  0.25921346  0.6173281 ][ 0.24691604  0.182145    0.26899594][ 0.49549078  1.06926067  0.39521556][ 0.716164    0.5529605   1.26246536][ 0.56411051  0.39962795  0.39515788][ 0.37102416  0.29500616  0.57602417][ 0.73405499  0.5405618   1.01105238][ 1.09881966  1.19482582  0.80905911]
spent time: 552.170838118
iteration: 14000
energy RMSE: 23.1058032825
force RMSE: [ 0.42046062  0.25920231  0.61730954][ 0.24690058  0.1821316   0.26897524][ 0.49548437  1.06923106  0.39520984][ 0.71614404  0.55294337  1.26243347][ 0.56408351  0.399608    0.39513777][ 0.37100747  0.29498953  0.5760001 ][ 0.73404555  0.54055105  1.01102508][ 1.09879173  1.19479413  0.80904438]
spent time: 594.631117105
iteration: 15000
energy RMSE: 23.1232454294
force RMSE: [ 0.42043516  0.25918638  0.61728298][ 0.24687847  0.18211246  0.26894566][ 0.49547518  1.06918861  0.39520164][ 0.71611545  0.55291885  1.26238768][ 0.56404494  0.39957951  0.39510905][ 0.37098363  0.29496578  0.57596571][ 0.73403203  0.54053568  1.01098599][ 1.09875175  1.19474874  0.8090233 ]
spent time: 637.101057053
iteration: 16000
energy RMSE: 23.067008814
force RMSE: [ 0.42039717  0.25916261  0.6172433 ][ 0.24684547  0.18208392  0.26890153][ 0.49546145  1.06912509  0.39518939][ 0.71607267  0.55288222  1.26231905][ 0.5639874   0.399537    0.39506618][ 0.37094804  0.29493035  0.57591438][ 0.73401183  0.54051271  1.01092756][ 1.09869201  1.19468089  0.80899178]
spent time: 679.602724075
iteration: 17000
energy RMSE: 23.123944534
force RMSE: [ 0.42033405  0.25912312  0.61717731][ 0.24679064  0.18203653  0.26882823][ 0.4954386   1.06901931  0.395169  ][ 0.71600147  0.55282131  1.26220466][ 0.56389184  0.3994664   0.39499497][ 0.37088894  0.2948715   0.5758291 ][ 0.73397821  0.54047453  1.01083036][ 1.09859265  1.19456801  0.80893936]
spent time: 722.006493092
iteration: 18000
energy RMSE: 23.1938923858
force RMSE: [ 0.42020468  0.25904221  0.61704198][ 0.24667823  0.18193944  0.268678  ][ 0.49539175  1.06880221  0.3951272 ][ 0.71585539  0.55269642  1.26196977][ 0.56369601  0.39932172  0.39484902][ 0.3707678  0.2947509  0.5756543][ 0.73390924  0.54039624  1.01063096][ 1.09838884  1.19433644  0.80883182]
spent time: 764.459145069
iteration: 19000
energy RMSE: 23.2966030247
force RMSE: [ 0.41981943  0.25880124  0.61663907][ 0.24634355  0.18165027  0.26823067][ 0.49525233  1.06815628  0.39500302][ 0.71542085  0.55232465  1.26127139][ 0.56311272  0.39889094  0.39441438][ 0.37040704  0.29439175  0.57513374][ 0.73370408  0.54016315  1.01003734][ 1.09778202  1.19364706  0.80851166]
spent time: 806.921609163
iteration: 20000
energy RMSE: 22.8043566543
force RMSE: [ 0.41730019  0.25722382  0.61401038][ 0.244156    0.17975538  0.26530439][ 0.49434659  1.06396644  0.39420444][ 0.7126043   0.54990137  1.25676823][ 0.55928905  0.39607353  0.39156867][ 0.36804484  0.29203938  0.57172589][ 0.73237291  0.53864143  1.00616891][ 1.09382369  1.18915558  0.80642399]
spent time: 849.435793161
iteration: 21000
energy RMSE: 20.2116745667
force RMSE: [ 0.38768907  0.23873791  0.58257925][ 0.21845877  0.15770053  0.23125273][ 0.48374057  1.01361715  0.38580281][ 0.67959861  0.52127105  1.20310575][ 0.5141337   0.36346657  0.35804722][ 0.34025206  0.26447101  0.53142516][ 0.71689236  0.52053183  0.9595103 ][ 1.04611471  1.13496289  0.78121157]
spent time: 891.902680159
iteration: 22000
energy RMSE: 20.9671189731
force RMSE: [ 0.3975343   0.24615584  0.58758704][ 0.2269682   0.16934025  0.24539488][ 0.48250492  0.98356147  0.38218194][ 0.65782577  0.51667255  1.13313193][ 0.53570266  0.37811849  0.37257691][ 0.3524485   0.27714368  0.54810032][ 0.71477183  0.52233448  0.95935424][ 1.05035553  1.13347026  0.78283204]
spent time: 934.387030125
iteration: 23000
energy RMSE: 22.8256970782
force RMSE: [ 0.41605885  0.25654795  0.61226755][ 0.24305307  0.17911659  0.26406064][ 0.49359187  1.05934047  0.39346562][ 0.70958428  0.54804783  1.25005758][ 0.55784064  0.39494688  0.39036337][ 0.36706365  0.29111971  0.57021237][ 0.73125089  0.53764326  1.00315655][ 1.09099473  1.18558997  0.80488224]
spent time: 976.874958992
iteration: 24000
energy RMSE: 4.79955376752
force RMSE: [ 0.1480621   0.0848719   0.19580427][ 0.06254723  0.01579899  0.03218394][ 0.38802618  0.44239813  0.39899829][ 0.40777406  0.2555152   0.62680627][ 0.12346661  0.1220486   0.09604178][ 0.09279984  0.05980594  0.14522099][ 0.50473339  0.30413352  0.34583964][ 0.38333105  0.39955297  0.39097284]
spent time: 1019.31705308
iteration: 25000
energy RMSE: 18.9210344565
force RMSE: [ 0.36861416  0.22989259  0.54880814][ 0.20232922  0.15384732  0.21656102][ 0.46639938  0.87834317  0.36741875][ 0.59073431  0.47146212  0.97667134][ 0.50079762  0.35194452  0.344698  ][ 0.32941156  0.25528406  0.51311309][ 0.68914733  0.49839048  0.89120759][ 0.98651306  1.05367744  0.74790627]
spent time: 1061.76189613
iteration: 26000
energy RMSE: 5.72433527755
force RMSE: [ 0.56034654  0.24917579  0.45746468][ 0.69048862  0.18448171  0.60717241][ 0.52092946  0.46196605  0.54843716][ 0.46341368  0.2557942   0.59694588][ 0.28437439  0.26428606  0.30214253][ 0.16007585  0.1889054   0.20929329][ 0.40673502  0.24772201  0.23066369][ 0.48628532  0.50452385  0.24242735]
spent time: 1104.25180793
iteration: 27000
energy RMSE: 21.48317637
force RMSE: [ 0.40267308  0.24878087  0.59565523][ 0.23142493  0.17097615  0.24989488][ 0.48677687  1.01973394  0.38718566][ 0.68371003  0.53025806  1.19575304][ 0.54045595  0.38190238  0.37674798][ 0.35584007  0.28025348  0.55347063][ 0.72112153  0.52771895  0.97542794][ 1.06445642  1.15308182  0.79057285]
spent time: 1146.68711495
iteration: 28000
energy RMSE: 22.8705125792
force RMSE: [ 0.41670617  0.25713964  0.61213151][ 0.24361179  0.18050182  0.26534317][ 0.49286293  1.04666079  0.3915012 ][ 0.69816018  0.54376003  1.2168958 ][ 0.55990952  0.39639005  0.39172735][ 0.36821516  0.29231939  0.57175756][ 0.73031839  0.5371765   1.00132297][ 1.0900356   1.18290201  0.8043068 ]
spent time: 1189.20410204
iteration: 29000
energy RMSE: 11.0181004581
force RMSE: [ 0.32598997  0.21709668  0.45255973][ 0.19908288  0.19660021  0.22398089][ 0.39660945  0.57605917  0.34470934][ 0.56982448  0.19868666  0.55985916][ 0.54058651  0.37519559  0.36646724][ 0.34935409  0.27457826  0.53981993][ 0.41688314  0.29714226  0.36646942][ 0.70294634  0.85161083  0.56304771]
spent time: 1231.69149613
iteration: 30000
energy RMSE: 88.2306388901
force RMSE: [ 1.37998806  0.68347573  0.86089843][ 1.70515874  1.73823718  2.5975932 ][ 1.33965865  0.41963218  2.18690799][ 1.04005305  0.29487763  1.19284088][ 2.29906204  2.5571795   2.48480592][ 1.46573776  1.80423318  2.19103671][ 1.07832019  0.68457696  0.7437164 ][ 0.61766143  0.71577728  0.56807692]
spent time: 1274.28685212
iteration: 31000
energy RMSE: 114.430184528
force RMSE: [ 1.52687724  0.91555386  1.24581209][ 1.78731914  2.85970776  4.99404382][ 1.35961281  0.5118897   2.89664362][ 1.40178577  0.57542918  1.65015176][ 2.86606212  3.68790297  2.42870669][ 2.23096207  2.05962256  2.41995536][ 2.253288   1.4653391  1.2764893][ 0.99638029  0.75053207  0.93461127]
spent time: 1316.77158213
iteration: 32000
energy RMSE: 102.744941447
force RMSE: [ 1.40502803  0.83504983  1.1354504 ][ 1.68993087  2.65283198  4.57274445][ 1.22668923  0.49844047  2.51888141][ 1.23385535  0.51825748  1.4789081 ][ 2.42175383  3.28056139  1.98623188][ 1.99208467  1.7075028   2.01799498][ 2.06225323  1.38151783  1.14981574][ 0.82227942  0.61285987  0.79470198]
spent time: 1359.25933599
